10 0.000563 0.000701
1010 0.000028 0.000005
2010 0.000055 0.000004
3010 0.000079 0.000004
4010 0.000105 0.000005
5010 0.000131 0.000004
6010 0.000214 0.000004
7010 0.000195 0.000004
8010 0.000209 0.000004
9010 0.000236 0.000004
10010 0.000292 0.000004
11010 0.000288 0.000004
12010 0.000318 0.000005
13010 0.000338 0.000004
14010 0.000365 0.000004
15010 0.000393 0.000004
16010 0.000447 0.000004
17010 0.000444 0.000004
18010 0.002440 0.000004
19010 0.000497 0.000005
20010 0.000510 0.000004
21010 0.000603 0.000004
22010 0.000568 0.000004
23010 0.000589 0.000004
24010 0.000686 0.000005
25010 0.000675 0.000004
26010 0.000662 0.000004
27010 0.000729 0.000004
28010 0.000731 0.000005
29010 0.000758 0.000004
30010 0.000870 0.000004
31010 0.000807 0.000004
32010 0.000906 0.000005
33010 0.000845 0.000004
34010 0.000873 0.000005
35010 0.000916 0.000004
36010 0.000960 0.000005
37010 0.001015 0.000004
38010 0.000991 0.000005
39010 0.001052 0.000004
40010 0.001137 0.000005
41010 0.001037 0.000004
42010 0.001134 0.000004
43010 0.001121 0.000003
44010 0.001246 0.000005
45010 0.001159 0.000005
46010 0.001258 0.000005
47010 0.001307 0.000005
48010 0.001239 0.000004
49010 0.001268 0.000005
50010 0.001374 0.000005
51010 0.001367 0.000004
52010 0.001363 0.000005
53010 0.001489 0.000005
54010 0.001412 0.000005
55010 0.001477 0.000005
56010 0.001495 0.000005
57010 0.001458 0.000005
58010 0.001605 0.000004
59010 0.001614 0.000004
60010 0.001551 0.000005
61010 0.001634 0.000005
62010 0.001646 0.000005
63010 0.001690 0.000004
64010 0.001655 0.000005
65010 0.001781 0.000004
66010 0.001729 0.000004
67010 0.001767 0.000004
68010 0.001797 0.000004
69010 0.001825 0.000004
70010 0.001859 0.000004
71010 0.001930 0.000004
72010 0.001933 0.000004
73010 0.001894 0.000004
74010 0.001924 0.000004
75010 0.001980 0.000004
76010 0.002083 0.000004
77010 0.002011 0.000004
78010 0.002080 0.000005
79010 0.002067 0.000004
80010 0.002137 0.000004
81010 0.002133 0.000005
82010 0.002199 0.000004
83010 0.002223 0.000004
84010 0.002228 0.000004
85010 0.002218 0.000004
86010 0.002304 0.000005
87010 0.002363 0.000005
88010 0.002324 0.000004
89010 0.002394 0.000005
90010 0.002450 0.000005
91010 0.002397 0.000004
92010 0.002401 0.000004
93010 0.002507 0.000004
94010 0.002662 0.000005
95010 0.002546 0.000005
96010 0.002508 0.000005
97010 0.002569 0.000005
98010 0.002590 0.000005
99010 0.004615 0.000004
