1 0.000006
100001 0.000005
200001 0.000004
300001 0.000005
400001 0.000004
500001 0.000004
600001 0.000005
700001 0.036797
800001 0.000001
900001 0.014643
1000001 0.000003
1100001 0.000001
1200001 0.000001
1300001 0.000002
1400001 0.000001
1500001 0.000009
1600001 0.000001
1700001 0.000001
1800001 0.000001
1900001 0.000004
2000001 0.000001
2100001 0.030780
2200001 0.000002
2300001 0.000001
2400001 0.035249
2500001 0.000001
2600001 0.000001
2700001 0.000001
2800001 0.040947
2900001 0.000001
3000001 0.000013
3100001 0.000001
3200001 0.000001
3300001 0.048299
3400001 0.000001
3500001 0.000001
3600001 0.052647
3700001 0.054106
3800001 0.000001
3900001 0.000001
4000001 0.000002
4100001 0.000001
4200001 0.000001
4300001 0.000014
4400001 0.000001
4500001 0.000001
4600001 0.000001
4700001 0.000001
4800001 0.000001
4900001 0.071665
5000001 0.000001
5100001 0.000002
5200001 0.000001
5300001 0.000001
5400001 0.078985
5500001 0.000002
5600001 0.000001
5700001 0.000002
5800001 0.000008
5900001 0.000001
6000001 0.000001
6100001 0.089265
6200001 0.000001
6300001 0.000001
6400001 0.000002
6500001 0.000001
6600001 0.097498
6700001 0.000001
6800001 0.000001
6900001 0.100882
7000001 0.000004
7100001 0.000001
7200001 0.000002
7300001 0.106865
7400001 0.000001
7500001 0.000001
7600001 0.000001
7700001 0.000001
7800001 0.000001
7900001 0.116444
8000001 0.000001
8100001 0.000001
8200001 0.000002
8300001 0.000001
8400001 0.000011
8500001 0.000016
8600001 0.000001
8700001 0.127218
8800001 0.000001
8900001 0.000001
9000001 0.000002
9100001 0.000005
9200001 0.000000
9300001 0.146729
9400001 0.000001
9500001 0.000001
9600001 0.000002
9700001 0.000002
9800001 0.000001
9900001 0.000001
10000001 0.000002
10100001 0.000001
10200001 0.000001
10300001 0.000006
10400001 0.000001
10500001 0.000001
10600001 0.000002
10700001 0.000001
10800001 0.000013
10900001 0.000001
11000001 0.000001
11100001 0.000001
11200001 0.175066
11300001 0.000001
11400001 0.000009
11500001 0.169071
11600001 0.000001
11700001 0.171591
11800001 0.173305
11900001 0.000001
12000001 0.000001
12100001 0.000002
12200001 0.000001
12300001 0.000001
12400001 0.187597
12500001 0.000001
12600001 0.186835
12700001 0.186135
12800001 0.000001
12900001 0.192418
13000001 0.000001
13100001 0.000001
13200001 0.193220
13300001 0.000001
13400001 0.000000
13500001 0.000002
13600001 0.000002
13700001 0.000001
13800001 0.000001
13900001 0.000001
14000001 0.000001
14100001 0.000002
14200001 0.209145
14300001 0.000001
14400001 0.000001
14500001 0.216677
14600001 0.000001
14700001 0.000002
14800001 0.217568
14900001 0.000001
15000001 0.000002
15100001 0.000001
15200001 0.000001
15300001 0.234464
15400001 0.000029
15500001 0.000001
15600001 0.232621
15700001 0.000004
15800001 0.000001
15900001 0.000001
16000001 0.000003
16100001 0.000001
16200001 0.000008
16300001 0.000001
16400001 0.000001
16500001 0.000001
16600001 0.000002
16700001 0.000001
16800001 0.000002
16900001 0.000017
17000001 0.000001
17100001 0.255484
17200001 0.000001
17300001 0.000001
17400001 0.293990
17500001 0.000001
17600001 0.000001
17700001 0.000001
17800001 0.269621
17900001 0.000001
18000001 0.000068
18100001 0.000001
18200001 0.000001
18300001 0.276981
18400001 0.000002
18500001 0.000001
18600001 0.000001
18700001 0.283145
18800001 0.000001
18900001 0.000002
19000001 0.000002
19100001 0.000001
19200001 0.000002
19300001 0.000001
19400001 0.000001
19500001 0.000002
19600001 0.000001
19700001 0.000001
19800001 0.000001
19900001 0.000001
20000001 0.000001
20100001 0.000001
20200001 0.000008
20300001 0.000001
20400001 0.000002
20500001 0.000061
20600001 0.000001
20700001 0.000001
20800001 0.000003
20900001 0.000001
21000001 0.000002
21100001 0.000001
21200001 0.000001
21300001 0.000001
21400001 0.000001
21500001 0.000001
21600001 0.387056
21700001 0.413896
21800001 0.000001
21900001 0.000005
22000001 0.323168
22100001 0.000001
22200001 0.341038
22300001 0.352766
22400001 0.000001
22500001 0.000002
22600001 0.364028
22700001 0.000001
22800001 0.000001
22900001 0.000005
23000001 0.000001
23100001 0.349238
23200001 0.000001
23300001 0.000001
23400001 0.000002
23500001 0.000002
23600001 0.000001
23700001 0.000002
23800001 0.000002
23900001 0.000001
24000001 0.388595
24100001 0.000002
24200001 0.000001
24300001 0.000001
24400001 0.416871
24500001 0.000001
24600001 0.000025
24700001 0.000008
24800001 0.000001
24900001 0.000001
25000001 0.000001
25100001 0.000001
25200001 0.000001
25300001 0.000001
25400001 0.000001
25500001 0.395482
25600001 0.000001
25700001 0.000001
25800001 0.000032
25900001 0.000001
26000001 0.000001
26100001 0.400854
26200001 0.402507
26300001 0.000001
26400001 0.000002
26500001 0.000001
26600001 0.000001
26700001 0.000004
26800001 0.000041
26900001 0.000001
27000001 0.000001
27100001 0.000064
27200001 0.000001
27300001 0.000001
27400001 0.000001
27500001 0.000000
27600001 0.000001
27700001 0.000001
27800001 0.000001
27900001 0.000002
28000001 0.000010
28100001 0.000001
28200001 0.000001
28300001 0.481097
28400001 0.000001
28500001 0.000002
28600001 0.000001
28700001 0.000001
28800001 0.526100
28900001 0.000001
29000001 0.000001
29100001 0.000001
29200001 0.477538
29300001 0.000001
29400001 0.000001
29500001 0.000004
29600001 0.000001
29700001 0.000005
29800001 0.000001
29900001 0.000001
30000001 0.487759
30100001 0.000003
30200001 0.000001
30300001 0.000001
30400001 0.000009
30500001 0.000001
30600001 0.452258
30700001 0.000002
30800001 0.000001
30900001 0.000001
31000001 0.000001
31100001 0.000001
31200001 0.000001
31300001 0.000002
31400001 0.000001
31500001 0.000001
31600001 0.484459
31700001 0.000001
31800001 0.000003
31900001 0.000001
32000001 0.000001
32100001 0.000002
32200001 0.000056
32300001 0.000001
32400001 0.000012
32500001 0.521743
32600001 0.000001
32700001 0.000002
32800001 0.000001
32900001 0.000001
33000001 0.526020
33100001 0.000001
33200001 0.000001
33300001 0.000001
33400001 0.000002
33500001 0.000001
33600001 0.000002
33700001 0.000001
33800001 0.000000
33900001 0.000017
34000001 0.000001
34100001 0.000001
34200001 0.000001
34300001 0.000019
34400001 0.000001
34500001 0.551062
34600001 0.000006
34700001 0.000002
34800001 0.000002
34900001 0.000003
35000001 0.000001
35100001 0.000001
35200001 0.559866
35300001 0.000001
35400001 0.000001
35500001 0.000050
35600001 0.000001
35700001 0.000004
35800001 0.000006
35900001 0.000001
36000001 0.000001
36100001 0.000001
36200001 0.000001
36300001 0.000008
36400001 0.000001
36500001 0.000001
36600001 0.000002
36700001 0.000001
36800001 0.000001
36900001 0.000005
37000001 0.000003
37100001 0.000001
37200001 0.551033
37300001 0.000021
37400001 0.000001
37500001 0.000001
37600001 0.000003
37700001 0.000001
37800001 0.000002
37900001 0.000002
38000001 0.000001
38100001 0.574194
38200001 0.000002
38300001 0.000001
38400001 0.000003
38500001 0.609621
38600001 0.000001
38700001 0.000002
38800001 0.000001
38900001 0.000001
39000001 0.603763
39100001 0.614172
39200001 0.000001
39300001 0.000001
39400001 0.654707
39500001 0.000001
39600001 0.000002
39700001 0.000001
39800001 0.000001
39900001 0.000002
40000001 0.000002
40100001 0.000001
40200001 0.000003
40300001 0.000001
40400001 0.000001
40500001 0.000001
40600001 0.000001
40700001 0.000001
40800001 0.000001
40900001 0.000001
41000001 0.000001
41100001 0.000005
41200001 0.000002
41300001 0.000001
41400001 0.000002
41500001 0.000002
41600001 0.000001
41700001 0.000001
41800001 0.708492
41900001 0.000001
42000001 0.000001
42100001 0.673370
42200001 0.000001
42300001 0.630171
42400001 0.000001
42500001 0.000001
42600001 0.000002
42700001 0.000059
42800001 0.000001
42900001 0.000002
43000001 0.000001
43100001 0.000000
43200001 0.000001
43300001 0.670382
43400001 0.000002
43500001 0.000025
43600001 0.000048
43700001 0.000001
43800001 0.000001
43900001 0.000001
44000001 0.000001
44100001 0.000001
44200001 0.000002
44300001 0.000001
44400001 0.684461
44500001 0.000001
44600001 0.000001
44700001 0.689815
44800001 0.676763
44900001 0.000002
45000001 0.000001
45100001 0.000034
45200001 0.000001
45300001 0.000001
45400001 0.689996
45500001 0.000001
45600001 0.000002
45700001 0.710936
45800001 0.000001
45900001 0.000001
46000001 0.000001
46100001 0.000001
46200001 0.000002
46300001 0.000001
46400001 0.000001
46500001 0.000009
46600001 0.000002
46700001 0.000001
46800001 0.000008
46900001 0.000007
47000001 0.000001
47100001 0.000001
47200001 0.711388
47300001 0.000001
47400001 0.000001
47500001 0.709149
47600001 0.000002
47700001 0.000002
47800001 0.000013
47900001 0.000001
48000001 0.000001
48100001 0.000001
48200001 0.000001
48300001 0.737091
48400001 0.000002
48500001 0.000001
48600001 0.732082
48700001 0.000002
48800001 0.000001
48900001 0.000001
49000001 0.000001
49100001 0.000001
49200001 0.000002
49300001 0.000003
49400001 0.000001
49500001 0.000056
49600001 0.000001
49700001 0.000001
49800001 0.745029
49900001 0.000003
50000001 0.000001
50100001 0.000001
50200001 0.735642
50300001 0.000001
50400001 0.742108
50500001 0.790215
50600001 0.000001
50700001 0.000002
50800001 0.000001
50900001 0.000001
51000001 0.000001
51100001 0.000002
51200001 0.000001
51300001 0.783892
51400001 0.874868
51500001 0.000001
51600001 0.000002
51700001 0.000002
51800001 0.000001
51900001 0.000002
52000001 0.000002
52100001 0.000001
52200001 0.000001
52300001 0.000001
52400001 0.000001
52500001 0.000003
52600001 0.000012
52700001 0.000001
52800001 0.000001
52900001 0.000001
53000001 0.000001
53100001 0.000005
53200001 0.000001
53300001 0.000001
53400001 0.851689
53500001 0.000001
53600001 0.000001
53700001 0.829536
53800001 0.000001
53900001 0.000001
54000001 0.000001
54100001 0.000002
54200001 0.000001
54300001 0.000001
54400001 0.000049
54500001 0.000001
54600001 0.000007
54700001 0.913670
54800001 0.000001
54900001 0.000002
55000001 0.000001
55100001 0.000001
55200001 0.000015
55300001 0.000001
55400001 0.000001
55500001 0.000038
55600001 0.896791
55700001 0.000001
55800001 0.000002
55900001 0.000002
56000001 0.000001
56100001 0.000008
56200001 0.000001
56300001 0.000001
56400001 0.000001
56500001 0.844926
56600001 0.000001
56700001 0.000001
56800001 0.000023
56900001 0.000001
57000001 0.000002
57100001 0.000001
57200001 0.000001
57300001 0.000001
57400001 0.929695
57500001 0.000001
57600001 0.000001
57700001 0.000045
57800001 0.000001
57900001 0.929298
58000001 0.000005
58100001 0.000001
58200001 0.000001
58300001 0.979926
58400001 0.000001
58500001 0.000001
58600001 0.000017
58700001 0.000001
58800001 0.000001
58900001 0.988807
59000001 0.000001
59100001 0.867991
59200001 0.000001
59300001 0.000001
59400001 0.000057
59500001 0.000002
59600001 0.000001
59700001 0.878535
59800001 0.000001
59900001 0.000001
60000001 0.000003
60100001 0.000001
60200001 0.000001
60300001 0.000014
60400001 0.000002
60500001 0.000001
60600001 0.000001
60700001 0.889932
60800001 0.000001
60900001 0.000002
61000001 0.892933
61100001 0.000001
61200001 0.000001
61300001 0.000001
61400001 0.000001
61500001 0.000001
61600001 0.000002
61700001 0.000001
61800001 0.000004
61900001 0.000001
62000001 0.000001
62100001 0.000006
62200001 0.910320
62300001 0.000001
62400001 0.000015
62500001 1.010481
62600001 0.000001
62700001 0.000001
62800001 0.000001
62900001 0.000001
63000001 0.000002
63100001 1.070444
63200001 0.000001
63300001 0.000002
63400001 0.000001
63500001 0.000001
63600001 1.026843
63700001 1.044074
63800001 0.000001
63900001 0.000002
64000001 0.000001
64100001 0.000001
64200001 0.982824
64300001 0.000002
64400001 0.000001
64500001 0.987163
64600001 0.000002
64700001 0.000001
64800001 0.000001
64900001 0.000002
65000001 0.000001
65100001 0.000093
65200001 0.000001
65300001 0.000001
65400001 0.000003
65500001 0.000001
65600001 0.000001
65700001 0.000001
65800001 0.964070
65900001 0.000001
66000001 0.000002
66100001 0.000001
66200001 0.000001
66300001 0.000003
66400001 0.000081
66500001 0.000001
66600001 0.000001
66700001 0.993465
66800001 0.000001
66900001 0.000002
67000001 0.000002
67100001 0.000001
67200001 0.000001
67300001 0.000001
67400001 0.000001
67500001 0.000041
67600001 0.000001
67700001 0.000001
67800001 1.073161
67900001 0.000001
68000001 0.000001
68100001 0.000074
68200001 0.000234
68300001 0.000002
68400001 1.079046
68500001 0.000002
68600001 0.000001
68700001 1.066331
68800001 0.000027
68900001 0.000001
69000001 0.000001
69100001 0.000108
69200001 0.000001
69300001 0.000001
69400001 0.000001
69500001 0.000001
69600001 0.000001
69700001 0.000001
69800001 0.000001
69900001 0.000006
70000001 0.000001
70100001 0.000001
70200001 1.170219
70300001 1.118975
70400001 0.000001
70500001 0.000002
70600001 0.000026
70700001 0.000002
70800001 0.000002
70900001 0.000001
71000001 0.000001
71100001 0.000002
71200001 1.216931
71300001 0.000001
71400001 0.000002
71500001 0.000010
71600001 0.000001
71700001 0.000002
71800001 0.000001
71900001 0.000001
72000001 0.000002
72100001 0.000005
72200001 0.000001
72300001 0.000103
72400001 0.000116
72500001 0.000001
72600001 1.107554
72700001 0.000002
72800001 0.000001
72900001 0.000002
73000001 0.000001
73100001 0.000001
73200001 0.000001
73300001 1.077005
73400001 0.000001
73500001 1.076524
73600001 0.000003
73700001 0.000001
73800001 0.000001
73900001 0.000001
74000001 0.000001
74100001 0.000004
74200001 0.000001
74300001 0.000001
74400001 0.000001
74500001 0.000001
74600001 0.000001
74700001 0.000001
74800001 0.000014
74900001 0.000001
75000001 0.000002
75100001 0.000003
75200001 0.000001
75300001 0.000001
75400001 1.104854
75500001 0.000001
75600001 1.118206
75700001 0.000002
75800001 0.000001
75900001 0.000002
76000001 0.000001
76100001 0.000001
76200001 0.000002
76300001 0.000047
76400001 0.000001
76500001 0.000002
76600001 0.000001
76700001 0.000001
76800001 1.125977
76900001 1.233239
77000001 0.000001
77100001 0.000001
77200001 0.000001
77300001 0.000001
77400001 0.000001
77500001 0.000005
77600001 0.000001
77700001 1.185613
77800001 0.000002
77900001 0.000001
78000001 1.288756
78100001 0.000001
78200001 0.000001
78300001 0.000001
78400001 0.000027
78500001 0.000001
78600001 0.000002
78700001 1.233394
78800001 0.000001
78900001 1.221188
79000001 0.000002
79100001 0.000001
79200001 1.417456
79300001 0.000001
79400001 0.000001
79500001 0.000001
79600001 0.000001
79700001 0.000001
79800001 1.248597
79900001 1.176234
80000001 0.000001
80100001 0.000001
80200001 0.000001
80300001 0.000001
80400001 0.000002
80500001 1.184910
80600001 0.000001
80700001 0.000002
80800001 0.000008
80900001 0.000001
81000001 1.206209
81100001 0.000001
81200001 0.000001
81300001 0.000001
81400001 0.000002
81500001 0.000000
81600001 0.000001
81700001 0.000002
81800001 0.000001
81900001 0.000002
82000001 0.000003
82100001 0.000001
82200001 0.000001
82300001 0.000001
82400001 0.000001
82500001 0.000002
82600001 0.000001
82700001 0.000001
82800001 0.000062
82900001 0.000002
83000001 0.000001
83100001 1.386543
83200001 0.000002
83300001 0.000001
83400001 0.000001
83500001 0.000001
83600001 0.000001
83700001 0.000001
83800001 0.000002
83900001 0.000001
84000001 0.000018
84100001 0.000001
84200001 0.000001
84300001 0.000023
84400001 0.000001
84500001 0.000001
84600001 0.000007
84700001 0.000001
84800001 0.000001
84900001 0.000001
85000001 0.000006
85100001 0.000001
85200001 0.000053
85300001 0.000028
85400001 0.000001
85500001 1.309098
85600001 0.000004
85700001 0.000001
85800001 0.000002
85900001 0.000001
86000001 0.000001
86100001 0.000001
86200001 0.000127
86300001 0.000001
86400001 0.000001
86500001 0.000001
86600001 0.000001
86700001 1.451994
86800001 1.385444
86900001 0.000001
87000001 0.000001
87100001 0.000013
87200001 0.000001
87300001 0.000061
87400001 0.000001
87500001 0.000001
87600001 0.000023
87700001 0.000002
87800001 0.000001
87900001 0.000001
88000001 0.000001
88100001 0.000001
88200001 1.383031
88300001 0.000001
88400001 0.000001
88500001 1.520892
88600001 0.000001
88700001 0.000001
88800001 0.000001
88900001 1.332499
89000001 0.000001
89100001 1.396104
89200001 0.000002
89300001 0.000001
89400001 0.000001
89500001 0.000012
89600001 0.000001
89700001 0.000002
89800001 0.000002
89900001 0.000001
90000001 0.000001
90100001 0.000001
90200001 0.000001
90300001 0.000001
90400001 1.328424
90500001 0.000001
90600001 1.462665
90700001 0.000001
90800001 0.000001
90900001 0.000026
91000001 0.000010
91100001 0.000001
91200001 0.000006
91300001 0.000001
91400001 0.000001
91500001 0.000001
91600001 0.000003
91700001 0.000001
91800001 0.000001
91900001 0.000003
92000001 0.000001
92100001 0.000001
92200001 0.000086
92300001 0.000001
92400001 1.424881
92500001 0.000001
92600001 0.000001
92700001 0.000072
92800001 0.000001
92900001 0.000001
93000001 0.000001
93100001 0.000105
93200001 0.000001
93300001 0.000015
93400001 1.434091
93500001 0.000001
93600001 0.000001
93700001 0.000001
93800001 0.000001
93900001 0.000001
94000001 0.000003
94100001 0.000001
94200001 0.000001
94300001 0.000002
94400001 0.000001
94500001 1.464663
94600001 0.000002
94700001 0.000002
94800001 0.000006
94900001 0.000001
95000001 0.000001
95100001 0.000002
95200001 0.000001
95300001 0.000001
95400001 1.457892
95500001 0.000009
95600001 0.000001
95700001 0.000112
95800001 0.000001
95900001 0.000001
96000001 0.000026
96100001 1.523746
96200001 0.000001
96300001 0.000001
96400001 0.000004
96500001 0.000001
96600001 0.000001
96700001 0.000019
96800001 0.000001
96900001 0.000001
97000001 0.000001
97100001 0.000001
97200001 0.000001
97300001 0.000007
97400001 0.000001
97500001 0.000001
97600001 0.000009
97700001 0.000001
97800001 0.000001
97900001 0.000005
98000001 0.000001
98100001 0.000036
98200001 1.495666
98300001 0.000002
98400001 0.000002
98500001 0.000003
98600001 0.000001
98700001 0.000002
98800001 1.560877
98900001 0.000002
99000001 0.000002
99100001 0.000001
99200001 0.000001
99300001 1.531688
99400001 0.000001
99500001 0.000001
99600001 1.690387
99700001 0.000004
99800001 0.000001
99900001 1.526113
100000001 0.000001
100100001 0.000001
100200001 0.000001
100300001 1.518783
100400001 0.000001
100500001 0.000001
100600001 0.000012
100700001 0.000001
100800001 0.000013
100900001 0.000004
101000001 0.000001
101100001 0.000003
101200001 0.000001
101300001 0.000001
101400001 0.000004
101500001 0.000002
101600001 0.000001
101700001 0.000001
101800001 0.000002
101900001 0.000001
102000001 0.000003
102100001 1.857959
102200001 0.000002
102300001 1.612348
102400001 0.000002
102500001 0.000001
102600001 0.000001
102700001 0.000012
102800001 0.000001
102900001 0.000070
103000001 0.000001
103100001 0.000000
103200001 0.000001
103300001 0.000001
103400001 0.000001
103500001 0.000002
103600001 0.000002
103700001 0.000001
103800001 0.000003
103900001 0.000141
104000001 0.000001
104100001 0.000001
104200001 0.000041
104300001 0.000001
104400001 0.000002
104500001 0.000002
104600001 0.000001
104700001 0.000001
104800001 1.692751
104900001 0.000002
105000001 1.630018
105100001 0.000001
105200001 0.000001
105300001 0.000003
105400001 0.000001
105500001 0.000001
105600001 0.000002
105700001 0.000001
105800001 0.000001
105900001 1.609174
106000001 1.593434
106100001 0.000002
106200001 0.000001
106300001 0.000001
106400001 0.000001
106500001 0.000002
106600001 0.000002
106700001 0.000001
106800001 0.000001
106900001 0.000001
107000001 0.000001
107100001 1.581523
107200001 0.000076
107300001 0.000001
107400001 0.000002
107500001 0.000001
107600001 0.000001
107700001 0.000026
107800001 1.604200
107900001 0.000001
108000001 0.000001
108100001 0.000003
108200001 0.000001
108300001 0.000003
108400001 0.000001
108500001 0.000001
108600001 1.660135
108700001 0.000001
108800001 0.000001
108900001 0.000001
109000001 0.000001
109100001 0.000001
109200001 1.658708
109300001 0.000062
109400001 0.000001
109500001 0.000002
109600001 0.000001
109700001 0.000001
109800001 1.712126
109900001 0.000025
110000001 0.000001
110100001 0.000001
110200001 0.000001
110300001 0.000001
110400001 1.703951
110500001 0.000030
110600001 0.000001
110700001 0.000083
110800001 0.000001
110900001 0.000001
111000001 0.000001
111100001 0.000001
111200001 0.000000
111300001 1.636004
111400001 0.000004
111500001 0.000001
111600001 0.000003
111700001 0.000001
111800001 0.000001
111900001 0.000001
112000001 0.000002
112100001 0.000001
112200001 1.780560
112300001 0.000001
112400001 0.000001
112500001 0.000129
112600001 0.000084
112700001 0.000001
112800001 1.897769
112900001 0.000009
113000001 0.000001
113100001 0.000001
113200001 0.000119
113300001 0.000001
113400001 0.000002
113500001 0.000049
113600001 0.000001
113700001 0.000002
113800001 0.000002
113900001 0.000001
114000001 1.842920
114100001 0.000003
114200001 0.000001
114300001 0.000003
114400001 0.000006
114500001 0.000001
114600001 0.000001
114700001 0.000001
114800001 0.000001
114900001 0.000002
115000001 0.000007
115100001 0.000001
115200001 0.000001
115300001 0.000002
115400001 0.000001
115500001 1.928597
115600001 0.000001
115700001 0.000001
115800001 0.000003
115900001 0.000001
116000001 0.000001
116100001 0.000148
116200001 1.768885
116300001 0.000001
116400001 0.000033
116500001 0.000001
116600001 0.000001
116700001 0.000001
116800001 1.880068
116900001 0.000001
117000001 0.000001
117100001 1.809331
117200001 0.000001
117300001 0.000001
117400001 0.000001
117500001 0.000001
117600001 0.000034
117700001 1.754633
117800001 0.000001
117900001 0.000002
118000001 0.000002
118100001 0.000001
118200001 0.000004
118300001 1.739195
118400001 0.000001
118500001 1.774992
118600001 0.000002
118700001 0.000001
118800001 0.000001
118900001 0.000001
119000001 0.000001
119100001 0.000035
119200001 0.000002
119300001 0.000001
119400001 0.000001
119500001 0.000002
119600001 0.000001
119700001 1.818938
119800001 0.000003
119900001 0.000001
120000001 0.000001
120100001 0.000001
120200001 0.000001
120300001 0.000001
120400001 0.000001
120500001 0.000001
120600001 0.000092
120700001 0.000001
120800001 0.000001
120900001 0.000004
121000001 0.000029
121100001 0.000001
121200001 0.000001
121300001 0.000035
121400001 0.000001
121500001 0.000001
121600001 0.000002
121700001 0.000001
121800001 0.000003
121900001 0.000002
122000001 0.000001
122100001 0.000001
122200001 0.000001
122300001 0.000001
122400001 0.000013
122500001 0.000001
122600001 0.000001
122700001 1.835109
122800001 0.000037
122900001 0.000001
123000001 0.000005
123100001 0.000020
123200001 0.000001
123300001 0.000001
123400001 0.000002
123500001 0.000001
123600001 0.000001
123700001 1.946291
123800001 0.000001
123900001 0.000007
124000001 1.925707
124100001 0.000001
124200001 0.000032
124300001 0.000001
124400001 0.000001
124500001 0.000008
124600001 2.184415
124700001 0.000001
124800001 0.000002
124900001 0.000002
125000001 0.000001
125100001 0.000001
125200001 0.000004
125300001 0.000001
125400001 0.000090
125500001 0.000002
125600001 0.000001
125700001 0.000001
125800001 0.000002
125900001 0.000001
126000001 0.000002
126100001 0.000010
126200001 0.000001
126300001 0.000002
126400001 0.000001
126500001 0.000001
126600001 0.000001
126700001 1.893847
126800001 0.000001
126900001 1.874053
127000001 0.000001
127100001 0.000001
127200001 0.000001
127300001 0.000042
127400001 0.000001
127500001 0.000003
127600001 1.879987
127700001 0.000001
127800001 0.000001
127900001 0.000002
128000001 0.000001
128100001 0.000002
128200001 1.940764
128300001 0.000001
128400001 1.941432
128500001 0.000001
128600001 0.000001
128700001 0.000026
128800001 0.000001
128900001 0.000001
129000001 0.000001
129100001 0.000003
129200001 0.000001
129300001 0.000002
129400001 0.000002
129500001 0.000001
129600001 1.929096
129700001 0.000001
129800001 0.000001
129900001 0.000001
130000001 1.928166
130100001 0.000001
130200001 0.000002
130300001 0.000001
130400001 0.000001
130500001 0.000004
130600001 0.000001
130700001 0.000001
130800001 0.000061
130900001 1.950211
131000001 0.000001
131100001 0.000002
131200001 0.000004
131300001 0.000001
131400001 1.975100
131500001 0.000011
131600001 0.000001
131700001 0.000001
131800001 1.938956
131900001 0.000001
132000001 0.000001
132100001 0.000002
132200001 0.000001
132300001 0.000002
132400001 0.000079
132500001 0.000001
132600001 0.000034
132700001 0.000001
132800001 0.000001
132900001 0.000001
133000001 1.998550
133100001 0.000001
133200001 0.000001
133300001 2.000727
133400001 0.000001
133500001 2.000880
133600001 0.000001
133700001 0.000001
133800001 0.000019
133900001 2.054331
134000001 0.000001
134100001 0.000001
134200001 0.000002
134300001 0.000001
134400001 2.049271
134500001 0.000002
134600001 0.000002
134700001 0.000003
134800001 0.000001
134900001 0.000002
135000001 0.000052
135100001 2.017924
135200001 0.000002
135300001 0.000003
135400001 0.000002
135500001 0.000001
135600001 0.000010
135700001 0.000001
135800001 0.000001
135900001 0.000001
136000001 0.000003
136100001 0.000001
136200001 0.000001
136300001 0.000001
136400001 0.000001
136500001 0.000002
136600001 0.000003
136700001 0.000002
136800001 0.000001
136900001 0.000001
137000001 0.000001
137100001 0.000002
137200001 0.000003
137300001 0.000001
137400001 0.000002
137500001 0.000040
137600001 0.000001
137700001 2.151138
137800001 0.000007
137900001 0.000001
138000001 2.170129
138100001 0.000002
138200001 0.000001
138300001 0.000002
138400001 2.306977
138500001 0.000001
138600001 0.000001
138700001 0.000001
138800001 0.000001
138900001 0.000005
139000001 0.000001
139100001 0.000001
139200001 0.000003
139300001 0.000001
139400001 0.000001
139500001 0.000017
139600001 0.000002
139700001 0.000001
139800001 0.000001
139900001 0.000035
140000001 0.000001
140100001 0.000005
140200001 2.077788
140300001 0.000001
140400001 0.000001
140500001 0.000006
140600001 0.000001
140700001 0.000001
140800001 0.000001
140900001 0.000001
141000001 0.000001
141100001 0.000001
141200001 0.000001
141300001 0.000002
141400001 2.102044
141500001 0.000001
141600001 0.000117
141700001 0.000003
141800001 0.000001
141900001 0.000003
142000001 0.000001
142100001 0.000001
142200001 0.000087
142300001 0.000014
142400001 0.000001
142500001 0.000001
142600001 0.000037
142700001 0.000000
142800001 0.000002
142900001 0.000005
143000001 0.000001
143100001 0.000001
143200001 0.000001
143300001 0.000001
143400001 0.000002
143500001 2.125598
143600001 0.000001
143700001 2.131071
143800001 0.000039
143900001 0.000001
144000001 2.114175
144100001 2.201557
144200001 0.000002
144300001 2.188418
144400001 2.177494
144500001 0.000001
144600001 0.000001
144700001 0.000008
144800001 0.000001
144900001 0.000003
145000001 0.000001
145100001 0.000001
145200001 0.000001
145300001 0.000001
145400001 0.000001
145500001 0.000002
145600001 2.178469
145700001 0.000001
145800001 2.207517
145900001 0.000001
146000001 0.000001
146100001 2.150348
146200001 0.000004
146300001 0.000001
146400001 0.000001
146500001 0.000007
146600001 0.000001
146700001 0.000001
146800001 0.000002
146900001 0.000001
147000001 0.000001
147100001 0.000002
147200001 0.000001
147300001 0.000016
147400001 0.000001
147500001 0.000001
147600001 0.000001
147700001 0.000005
147800001 0.000001
147900001 0.000002
148000001 0.000003
148100001 0.000001
148200001 0.000002
148300001 0.000001
148400001 0.000001
148500001 0.000001
148600001 0.000001
148700001 0.000000
148800001 0.000001
148900001 2.273218
149000001 0.000001
149100001 0.000006
149200001 0.000004
149300001 0.000001
149400001 0.000110
149500001 0.000001
149600001 0.000001
149700001 0.000001
149800001 0.000001
149900001 0.000001
150000001 2.328735
150100001 0.000001
150200001 0.000002
150300001 0.000004
150400001 0.000062
150500001 0.000001
150600001 0.000003
150700001 0.000001
150800001 0.000001
150900001 0.000001
151000001 0.000001
151100001 0.000001
151200001 0.000004
151300001 0.000002
151400001 0.000001
151500001 2.363433
151600001 0.000001
151700001 0.000001
151800001 0.000002
151900001 0.000001
152000001 0.000001
152100001 0.000004
152200001 2.409463
152300001 0.000001
152400001 0.000002
152500001 0.000003
152600001 0.000001
152700001 0.000001
152800001 0.000004
152900001 0.000001
153000001 0.000001
153100001 2.506733
153200001 0.000002
153300001 0.000055
153400001 0.000004
153500001 0.000001
153600001 0.000050
153700001 0.000001
153800001 0.000001
153900001 2.386156
154000001 2.321035
154100001 0.000001
154200001 0.000002
154300001 0.000007
154400001 0.000001
154500001 0.000001
154600001 0.000002
154700001 0.000001
154800001 0.000103
154900001 0.000121
155000001 0.000001
155100001 0.000001
155200001 0.000002
155300001 0.000001
155400001 0.000002
155500001 0.000002
155600001 0.000001
155700001 0.000002
155800001 0.000001
155900001 0.000001
156000001 0.000001
156100001 0.000001
156200001 0.000001
156300001 0.000001
156400001 0.000001
156500001 0.000001
156600001 0.000002
